Final SSE Objective: 0.033434206415219284
K: 0.31517342698205286
T1: 85.86981466605239
T2: 85.88390201063179
theta: 3.187352907789281
